900 849
899 850
896 850
895 851
893 851
892 852
889 852
888 853
871 853
870 854
863 854
862 855
847 855
846 856
841 856
840 857
836 857
835 858
825 858
824 857
808 857
807 858
800 858
799 857
786 857
785 858
781 858
780 859
767 859
766 858
756 858
755 859
740 859
739 858
732 858
731 859
727 859
726 860
721 860
720 861
716 861
715 860
701 860
700 861
696 861
695 862
687 862
686 861
677 861
676 862
674 862
673 863
672 863
671 864
670 864
669 865
668 865
667 866
666 866
665 867
653 867
652 866
651 867
649 867
648 868
647 868
646 869
645 869
644 870
643 870
642 871
640 871
639 872
637 872
636 873
633 873
632 874
629 874
628 875
625 875
624 876
623 876
621 878
620 878
619 879
618 879
617 880
616 880
615 881
613 881
612 882
608 882
607 883
596 883
595 884
592 884
591 885
590 885
589 886
588 886
587 887
586 887
585 888
584 888
579 893
578 893
577 894
576 894
575 895
573 895
572 896
570 896
569 897
568 897
564 901
564 902
563 903
563 904
562 905
562 906
561 907
561 910
560 911
560 917
559 918
559 920
558 921
558 922
557 923
557 925
556 926
556 927
555 928
555 961
556 962
556 971
557 972
557 981
558 982
558 988
559 989
559 994
558 995
558 998
557 999
557 1000
556 1001
556 1002
553 1005
552 1005
551 1006
549 1006
548 1005
547 1005
546 1004
545 1004
544 1003
543 1003
542 1002
539 1002
538 1001
526 1001
525 1002
519 1002
518 1003
513 1003
512 1004
511 1004
508 1007
508 1008
506 1010
506 1011
505 1012
505 1015
504 1016
504 1024
505 1025
505 1030
506 1031
506 1036
507 1037
507 1041
508 1042
508 1043
509 1044
509 1045
514 1050
514 1051
516 1053
516 1054
517 1055
517 1056
518 1057
518 1059
519 1060
519 1062
520 1063
520 1064
521 1065
521 1066
524 1069
524 1070
528 1074
528 1075
529 1076
529 1077
530 1078
530 1079
531 1080
531 1081
532 1082
532 1083
534 1085
534 1086
537 1089
538 1089
539 1090
540 1090
542 1092
543 1092
545 1094
546 1094
551 1099
551 1100
552 1101
552 1102
553 1103
553 1104
554 1105
554 1106
555 1107
555 1108
556 1109
556 1110
559 1113
559 1114
561 1116
561 1117
562 1118
562 1119
564 1121
564 1122
572 1130
573 1130
575 1132
576 1132
577 1133
578 1133
580 1135
581 1135
582 1136
583 1136
588 1141
589 1141
593 1145
594 1145
597 1148
598 1148
601 1151
602 1151
603 1152
604 1152
605 1153
606 1153
608 1155
609 1155
619 1165
620 1165
622 1167
623 1167
624 1168
625 1168
626 1169
627 1169
628 1170
629 1170
631 1172
632 1172
633 1173
634 1173
635 1174
636 1174
638 1176
639 1176
641 1178
642 1178
644 1180
645 1180
648 1183
649 1183
652 1186
653 1186
655 1188
656 1188
658 1190
659 1190
661 1192
662 1192
665 1195
666 1195
670 1199
670 1200
677 1207
678 1207
680 1209
681 1209
684 1212
685 1212
686 1213
687 1213
688 1214
689 1214
690 1215
691 1215
693 1217
694 1217
695 1218
696 1218
697 1219
698 1219
699 1220
700 1220
702 1222
703 1222
705 1224
706 1224
715 1233
716 1233
718 1235
719 1235
723 1239
724 1239
731 1246
732 1246
734 1248
735 1248
736 1249
737 1249
739 1251
740 1251
742 1253
743 1253
744 1254
745 1254
746 1255
747 1255
748 1256
749 1256
750 1257
751 1257
752 1258
753 1258
754 1259
755 1259
756 1260
757 1260
758 1261
759 1261
760 1262
762 1262
763 1263
765 1263
766 1264
767 1264
768 1265
769 1265
770 1266
771 1266
772 1267
773 1267
774 1268
775 1268
776 1269
777 1269
781 1273
782 1273
786 1277
787 1277
788 1278
789 1278
790 1279
791 1279
792 1280
793 1280
794 1281
795 1281
796 1282
797 1282
798 1283
799 1283
800 1284
801 1284
803 1286
804 1286
806 1288
807 1288
809 1290
810 1290
811 1291
812 1291
814 1293
815 1293
816 1294
817 1294
818 1295
819 1295
821 1297
822 1297
824 1299
825 1299
826 1300
827 1300
828 1301
829 1301
830 1302
831 1302
832 1303
834 1303
835 1304
836 1304
837 1305
838 1305
839 1306
840 1306
851 1317
851 1318
855 1322
856 1322
858 1324
859 1324
860 1325
861 1325
869 1333
870 1333
871 1334
872 1334
873 1335
874 1335
875 1336
876 1336
877 1337
878 1337
879 1338
880 1338
881 1339
884 1339
885 1340
886 1340
887 1341
888 1341
889 1342
890 1342
891 1343
892 1343
893 1344
894 1344
895 1345
896 1345
897 1346
898 1346
899 1347
900 1347
901 1348
902 1348
903 1349
904 1349
906 1351
907 1351
908 1352
909 1352
910 1353
911 1353
912 1354
913 1354
914 1355
916 1355
919 1358
920 1358
923 1361
924 1361
925 1362
926 1362
927 1363
930 1363
931 1364
934 1364
935 1365
938 1365
939 1366
941 1366
942 1367
943 1367
944 1368
945 1368
952 1375
953 1375
954 1376
955 1376
956 1377
957 1377
958 1378
959 1378
961 1380
962 1380
963 1381
964 1381
965 1382
966 1382
967 1383
968 1383
969 1384
970 1384
971 1385
972 1385
973 1386
974 1386
975 1387
977 1387
978 1388
980 1388
981 1389
982 1389
983 1390
985 1390
986 1391
987 1391
988 1392
989 1392
991 1394
992 1394
994 1396
995 1396
996 1397
997 1397
999 1399
1000 1399
1003 1402
1004 1402
1005 1403
1006 1403
1007 1404
1008 1404
1009 1405
1010 1405
1011 1406
1013 1406
1014 1407
1017 1407
1018 1408
1022 1408
1023 1409
1027 1409
1028 1410
1030 1410
1031 1411
1033 1411
1034 1412
1035 1412
1036 1413
1038 1413
1039 1414
1043 1414
1044 1415
1052 1415
1053 1416
1062 1416
1063 1417
1069 1417
1070 1418
1076 1418
1077 1419
1083 1419
1084 1420
1091 1420
1092 1421
1102 1421
1103 1420
1107 1420
1108 1419
1109 1419
1110 1418
1110 1417
1111 1416
1111 1414
1112 1413
1112 1411
1113 1410
1113 1405
1114 1404
1114 1393
1115 1392
1115 1388
1116 1387
1116 1385
1117 1384
1117 1380
1118 1379
1118 1377
1117 1376
1117 1371
1118 1370
1118 1366
1119 1365
1119 1362
1120 1361
1120 1356
1121 1355
1121 1351
1122 1350
1122 1349
1123 1348
1123 1347
1127 1343
1128 1343
1129 1342
1130 1342
1131 1341
1133 1341
1134 1340
1137 1340
1138 1339
1140 1339
1141 1338
1142 1338
1143 1337
1144 1337
1146 1335
1146 1334
1148 1332
1148 1331
1154 1325
1155 1325
1156 1324
1157 1324
1158 1323
1160 1323
1161 1322
1162 1322
1163 1321
1165 1321
1166 1320
1168 1320
1169 1319
1170 1319
1171 1318
1173 1318
1174 1317
1175 1317
1176 1316
1178 1316
1179 1315
1181 1315
1182 1314
1184 1314
1185 1313
1191 1313
1192 1312
1207 1312
1208 1313
1210 1313
1211 1314
1212 1314
1213 1315
1214 1315
1215 1316
1217 1316
1218 1317
1219 1317
1220 1318
1222 1318
1223 1319
1224 1319
1225 1320
1226 1320
1227 1321
1229 1321
1230 1322
1231 1322
1232 1323
1234 1323
1235 1324
1236 1324
1237 1325
1239 1325
1241 1327
1242 1327
1244 1329
1245 1329
1247 1331
1248 1331
1249 1332
1250 1332
1253 1335
1254 1335
1259 1340
1260 1340
1262 1342
1263 1342
1265 1344
1266 1344
1267 1345
1268 1345
1269 1346
1270 1346
1279 1355
1279 1356
1281 1358
1281 1359
1282 1360
1282 1361
1283 1362
1283 1363
1284 1364
1284 1365
1286 1367
1286 1368
1288 1370
1288 1371
1289 1372
1289 1374
1290 1375
1290 1376
1291 1377
1291 1378
1293 1380
1293 1381
1294 1382
1294 1383
1295 1384
1295 1385
1296 1386
1296 1387
1298 1389
1298 1391
1299 1392
1299 1394
1300 1395
1300 1397
1301 1398
1301 1399
1302 1400
1302 1401
1303 1402
1303 1403
1305 1405
1305 1406
1306 1407
1306 1408
1307 1409
1307 1410
1308 1411
1308 1413
1309 1414
1309 1417
1310 1418
1310 1430
1311 1431
1311 1435
1312 1436
1312 1440
1313 1441
1313 1445
1314 1446
1314 1448
1315 1449
1315 1451
1316 1452
1316 1454
1317 1455
1317 1457
1318 1458
1318 1461
1319 1462
1319 1463
1321 1465
1321 1466
1323 1468
1324 1468
1325 1469
1326 1469
1328 1471
1329 1471
1330 1472
1331 1472
1333 1474
1334 1474
1341 1481
1341 1482
1344 1485
1345 1485
1347 1487
1349 1487
1350 1488
1351 1488
1352 1489
1354 1489
1355 1490
1357 1490
1358 1491
1360 1491
1361 1492
1362 1492
1363 1493
1364 1493
1365 1494
1366 1494
1369 1497
1370 1497
1373 1500
1374 1500
1375 1501
1376 1501
1379 1504
1380 1504
1381 1505
1382 1505
1383 1506
1384 1506
1385 1507
1387 1507
1388 1508
1389 1508
1390 1509
1391 1509
1392 1510
1393 1510
1394 1511
1395 1511
1396 1512
1397 1512
1398 1513
1400 1513
1401 1514
1402 1514
1403 1515
1404 1515
1406 1517
1407 1517
1409 1519
1409 1520
1414 1525
1415 1525
1418 1528
1419 1528
1431 1540
1431 1541
1437 1547
1437 1548
1440 1551
1440 1552
1443 1555
1443 1556
1447 1560
1447 1561
1450 1564
1450 1565
1451 1566
1451 1567
1452 1568
1452 1569
1454 1571
1454 1572
1463 1581
1463 1582
1464 1583
1464 1584
1465 1585
1465 1586
1467 1588
1467 1589
1469 1591
1469 1592
1471 1594
1472 1594
1475 1597
1476 1597
1482 1603
1482 1604
1483 1605
1483 1606
1484 1607
1484 1608
1485 1609
1485 1610
1486 1611
1486 1612
1491 1617
1492 1617
1505 1630
1505 1631
1507 1633
1508 1633
1510 1635
1511 1635
1513 1637
1514 1637
1515 1638
1516 1638
1517 1639
1519 1639
1520 1640
1523 1640
1524 1641
1525 1641
1526 1642
1529 1642
1530 1643
1532 1643
1533 1644
1534 1644
1535 1645
1536 1645
1537 1646
1538 1646
1540 1648
1541 1648
1543 1650
1544 1650
1546 1652
1547 1652
1548 1653
1550 1653
1551 1654
1552 1654
1553 1655
1555 1655
1556 1656
1557 1656
1559 1658
1560 1658
1566 1664
1567 1664
1570 1667
1571 1667
1572 1668
1573 1668
1574 1669
1575 1669
1576 1670
1578 1670
1579 1671
1580 1671
1581 1672
1583 1672
1584 1673
1585 1673
1586 1674
1587 1674
1588 1675
1589 1675
1590 1676
1591 1676
1592 1677
1593 1677
1594 1678
1596 1678
1597 1679
1601 1679
1602 1680
1609 1680
1610 1681
1613 1681
1619 1687
1619 1689
1620 1690
1620 1714
1619 1715
1619 1719
1618 1720
1618 1722
1617 1723
1617 1725
1616 1726
1616 1740
1615 1741
1615 1746
1614 1747
1614 1759
1613 1760
1613 1762
1612 1763
1612 1766
1611 1767
1611 1781
1612 1782
1612 1808
1613 1809
1613 1812
1614 1813
1614 1814
1615 1815
1615 1817
1616 1818
1616 1819
1617 1820
1617 1821
1618 1822
1618 1824
1619 1825
1619 1826
1620 1827
1620 1829
1621 1830
1621 1831
1622 1832
1622 1834
1623 1835
1623 1836
1624 1837
1624 1839
1625 1840
1625 1841
1627 1843
1627 1844
1629 1846
1630 1846
1632 1848
1633 1848
1637 1852
1638 1852
1640 1854
1641 1854
1642 1855
1644 1855
1645 1856
1647 1856
1648 1857
1649 1857
1650 1858
1651 1858
1652 1859
1653 1859
1654 1860
1655 1860
1656 1861
1658 1861
1659 1862
1662 1862
1663 1863
1666 1863
1667 1864
1674 1864
1675 1863
1677 1863
1678 1862
1679 1862
1680 1861
1681 1861
1682 1860
1683 1860
1684 1859
1685 1859
1686 1858
1687 1858
1688 1857
1689 1857
1690 1856
1692 1856
1693 1855
1694 1855
1695 1854
1698 1854
1700 1852
1701 1852
1703 1850
1704 1850
1707 1847
1708 1847
1711 1844
1712 1844
1714 1842
1715 1842
1716 1841
1717 1841
1719 1839
1720 1839
1722 1837
1723 1837
1725 1835
1726 1835
1730 1831
1730 1830
1738 1822
1738 1821
1745 1814
1746 1814
1748 1812
1749 1812
1750 1811
1751 1811
1752 1810
1754 1810
1757 1807
1758 1807
1770 1795
1771 1795
1773 1793
1774 1793
1775 1792
1776 1792
1777 1791
1778 1791
1779 1790
1780 1790
1781 1789
1782 1789
1783 1788
1784 1788
1785 1787
1786 1787
1787 1786
1788 1786
1790 1784
1791 1784
1793 1782
1794 1782
1795 1781
1796 1781
1797 1780
1814 1780
1815 1781
1818 1781
1819 1782
1821 1782
1822 1783
1825 1783
1826 1784
1830 1784
1831 1785
1833 1785
1834 1786
1836 1786
1838 1788
1839 1788
1841 1790
1842 1790
1845 1793
1846 1793
1851 1798
1854 1798
1855 1799
1860 1799
1861 1800
1865 1800
1866 1801
1871 1801
1872 1802
1875 1802
1876 1803
1879 1803
1880 1804
1883 1804
1884 1805
1886 1805
1887 1806
1889 1806
1890 1807
1892 1807
1893 1808
1895 1808
1896 1809
1898 1809
1899 1810
1902 1810
1903 1811
1904 1811
1905 1812
1906 1812
1907 1813
1909 1813
1910 1814
1912 1814
1913 1815
1914 1815
1915 1816
1917 1816
1918 1817
1919 1817
1920 1818
1921 1818
1922 1819
1923 1819
1925 1821
1926 1821
1927 1822
1929 1822
1930 1823
1932 1823
1933 1824
1936 1824
1937 1825
1943 1825
1944 1826
1949 1826
1950 1827
1953 1827
1954 1828
1957 1828
1958 1829
1960 1829
1961 1830
1964 1830
1965 1831
1968 1831
1969 1832
1972 1832
1973 1833
1977 1833
1978 1834
1981 1834
1982 1835
1984 1835
1985 1836
1988 1836
1989 1837
1991 1837
1992 1838
1994 1838
1995 1839
1997 1839
1998 1840
2000 1840
2001 1841
2003 1841
2004 1842
2019 1842
2020 1841
2023 1841
2024 1840
2025 1840
2026 1839
2027 1839
2028 1838
2029 1838
2030 1837
2032 1837
2033 1836
2034 1836
2035 1835
2036 1835
2037 1834
2038 1834
2040 1832
2041 1832
2043 1830
2044 1830
2046 1828
2047 1828
2048 1827
2050 1827
2051 1826
2053 1826
2054 1825
2056 1825
2057 1824
2060 1824
2061 1823
2063 1823
2064 1822
2067 1822
2068 1821
2070 1821
2071 1820
2074 1820
2075 1819
2079 1819
2080 1818
2082 1818
2083 1817
2085 1817
2086 1816
2087 1816
2088 1815
2090 1815
2091 1814
2093 1814
2094 1813
2098 1813
2099 1812
2102 1812
2103 1811
2104 1811
2105 1812
2108 1812
2109 1813
2113 1813
2114 1814
2121 1814
2122 1815
2128 1815
2129 1816
2132 1816
2133 1817
2134 1817
2135 1818
2136 1818
2137 1819
2138 1819
2139 1820
2140 1820
2141 1821
2142 1821
2143 1822
2144 1822
2145 1823
2146 1823
2147 1824
2148 1824
2151 1827
2152 1827
2161 1836
2162 1836
2171 1845
2171 1846
2173 1848
2173 1849
2174 1850
2174 1851
2175 1852
2175 1853
2177 1855
2177 1856
2178 1857
2178 1859
2179 1860
2179 1861
2180 1862
2180 1863
2181 1864
2181 1865
2182 1866
2182 1867
2183 1868
2183 1869
2184 1870
2184 1872
2185 1873
2185 1875
2186 1876
2186 1878
2187 1879
2187 1880
2188 1881
2188 1882
2189 1883
2189 1884
2193 1888
2194 1888
2200 1894
2201 1894
2203 1896
2204 1896
2212 1904
2212 1905
2214 1907
2215 1907
2217 1909
2219 1909
2220 1910
2222 1910
2223 1911
2224 1911
2225 1912
2227 1912
2228 1913
2231 1913
2232 1914
2235 1914
2236 1915
2247 1915
2248 1914
2249 1914
2250 1913
2251 1913
2252 1912
2254 1912
2255 1911
2257 1911
2258 1910
2259 1910
2260 1909
2261 1909
2271 1899
2272 1899
2274 1897
2275 1897
2276 1896
2277 1896
2279 1894
2280 1894
2281 1893
2282 1893
2283 1892
2284 1892
2285 1891
2286 1891
2287 1890
2288 1890
2289 1889
2290 1889
2291 1888
2292 1888
2293 1887
2294 1887
2295 1886
2296 1886
2297 1885
2299 1885
2300 1884
2332 1884
2333 1885
2343 1885
2344 1886
2346 1886
2347 1887
2350 1887
2351 1888
2353 1888
2354 1889
2357 1889
2358 1890
2361 1890
2362 1891
2364 1891
2365 1892
2368 1892
2369 1893
2371 1893
2372 1894
2374 1894
2375 1895
2376 1895
2377 1896
2378 1896
2379 1897
2380 1897
2383 1900
2384 1900
2390 1906
2391 1906
2393 1908
2394 1908
2401 1915
2401 1916
2402 1917
2402 1918
2403 1919
2403 1920
2404 1921
2404 1922
2405 1923
2405 1924
2406 1925
2406 1926
2408 1928
2408 1929
2409 1930
2409 1931
2416 1938
2416 1939
2419 1942
2419 1943
2423 1947
2423 1948
2425 1950
2425 1951
2429 1955
2429 1956
2431 1958
2431 1959
2432 1960
2432 1962
2433 1963
2433 1966
2434 1967
2434 1975
2435 1976
2435 1980
2436 1981
2436 1984
2437 1985
2437 1989
2438 1990
2438 1991
2439 1992
2439 1993
2440 1994
2440 1995
2441 1996
2441 1997
2442 1998
2442 1999
2444 2001
2444 2006
2445 2007
2445 2008
2446 2009
2446 2010
2447 2011
2447 2012
2451 2016
2451 2017
2453 2019
2453 2028
2454 2029
2454 2030
2460 2036
2460 2037
2462 2039
2462 2040
2463 2041
2463 2042
2464 2043
2464 2044
2466 2046
2466 2047
2468 2049
2468 2050
2469 2051
2471 2051
2472 2052
2473 2052
2474 2053
2476 2053
2477 2054
2478 2054
2479 2055
2481 2055
2482 2056
2483 2056
2484 2057
2485 2057
2487 2059
2488 2059
2491 2062
2492 2062
2494 2064
2495 2064
2497 2066
2498 2066
2499 2067
2500 2067
2502 2069
2503 2069
2506 2072
2507 2072
2509 2074
2510 2074
2517 2081
2517 2082
2519 2084
2519 2085
2522 2088
2523 2088
2525 2090
2526 2090
2527 2091
2528 2091
2529 2092
2530 2092
2531 2093
2533 2093
2534 2094
2535 2094
2536 2095
2538 2095
2539 2096
2541 2096
2542 2097
2543 2097
2544 2098
2545 2098
2546 2099
2547 2099
2549 2101
2550 2101
2552 2103
2553 2103
2554 2104
2555 2104
2557 2106
2558 2106
2559 2107
2560 2107
2561 2108
2562 2108
2563 2109
2564 2109
2565 2110
2566 2110
2567 2111
2569 2111
2570 2112
2571 2112
2572 2113
2574 2113
2575 2114
2576 2114
2577 2115
2587 2115
2588 2114
2593 2114
2594 2113
2594 2112
2595 2111
2595 2110
2596 2109
2596 2108
2597 2107
2597 2106
2598 2105
2598 2103
2599 2102
2599 2100
2600 2099
2600 2097
2601 2096
2601 2079
2600 2078
2600 2075
2599 2074
2599 2068
2600 2067
2600 2059
2599 2058
2599 2055
2598 2054
2598 2052
2599 2051
2599 2050
2603 2046
2604 2046
2607 2043
2608 2043
2610 2041
2612 2041
2613 2040
2615 2040
2616 2039
2620 2039
2627 2046
2628 2046
2629 2047
2630 2047
2631 2048
2632 2048
2633 2049
2635 2049
2636 2050
2637 2050
2638 2051
2639 2051
2640 2052
2641 2052
2642 2053
2643 2053
2645 2055
2646 2055
2647 2056
2648 2056
2649 2057
2650 2057
2651 2058
2652 2058
2653 2059
2654 2059
2655 2060
2657 2060
2658 2061
2659 2061
2660 2062
2662 2062
2663 2063
2664 2063
2666 2065
2667 2065
2668 2066
2669 2066
2670 2067
2671 2067
2672 2068
2673 2068
2675 2070
2676 2070
2679 2073
2680 2073
2683 2076
2684 2076
2685 2077
2686 2077
2687 2078
2688 2078
2689 2079
2690 2079
2691 2080
2693 2080
2694 2081
2695 2081
2696 2082
2697 2082
2698 2083
2700 2083
2701 2084
2702 2084
2703 2085
2704 2085
2705 2086
2706 2086
2708 2088
2709 2088
2712 2091
2713 2091
2716 2094
2717 2094
2718 2095
2719 2095
2720 2096
2721 2096
2722 2097
2723 2097
2724 2098
2726 2098
2727 2099
2728 2099
2729 2100
2731 2100
2732 2101
2733 2101
2734 2102
2735 2102
2737 2104
2738 2104
2745 2111
2746 2111
2749 2114
2750 2114
2751 2115
2752 2115
2754 2117
2755 2117
2756 2118
2757 2118
2758 2119
2759 2119
2761 2121
2762 2121
2774 2133
2775 2133
2783 2141
2784 2141
2791 2148
2791 2149
2792 2150
2792 2151
2793 2152
2793 2153
2794 2154
2794 2155
2795 2156
2795 2157
2796 2158
2796 2159
2806 2169
2807 2169
2824 2186
2825 2186
2829 2190
2829 2191
2831 2193
2831 2194
2833 2196
2833 2197
2834 2197
2842 2205
2842 2206
2843 2207
2843 2208
2844 2209
2844 2210
2845 2211
2845 2213
2846 2214
2846 2215
2847 2216
2847 2218
2848 2219
2848 2220
2849 2221
2849 2222
2851 2224
2851 2225
2856 2230
2856 2231
2858 2233
2858 2234
2859 2235
2859 2236
2860 2237
2860 2238
2864 2242
2865 2242
2871 2248
2871 2249
2875 2253
2875 2254
2879 2258
2879 2259
2880 2260
2880 2261
2885 2266
2886 2266
2889 2269
2890 2269
2898 2277
2898 2278
2899 2279
2899 2280
2900 2281
2900 2282
2901 2283
2901 2284
2903 2286
2903 2287
2904 2288
2904 2290
2905 2291
2905 2292
2906 2293
2906 2294
2907 2295
2907 2297
2908 2298
2908 2299
2909 2300
2909 2302
2910 2303
2910 2304
2912 2306
2912 2307
2913 2308
2913 2309
2915 2311
2915 2312
2917 2314
2917 2315
2919 2317
2919 2318
2922 2321
2922 2322
2923 2323
2923 2324
2925 2326
2925 2327
2927 2329
2927 2330
2929 2332
2929 2333
2931 2335
2931 2336
2933 2338
2933 2339
2934 2340
2934 2341
2936 2343
2936 2344
2937 2345
2937 2346
2938 2347
2938 2348
2942 2352
2942 2353
2945 2356
2945 2357
2948 2360
2948 2361
2950 2363
2950 2364
2951 2365
2951 2366
2952 2367
2952 2368
2954 2370
2954 2371
2956 2373
2956 2374
2958 2376
2958 2377
2960 2379
2960 2380
2961 2381
2961 2382
2962 2383
2962 2385
2963 2386
2963 2387
2965 2389
2965 2390
2966 2391
2966 2392
2967 2393
2967 2394
2968 2395
2968 2396
2969 2397
2969 2398
2970 2399
2970 2400
2971 2401
2971 2402
2972 2403
2972 2404
2973 2405
2973 2406
2974 2407
2974 2408
2976 2410
2976 2411
2978 2413
2978 2414
2980 2416
2980 2417
2981 2418
2981 2419
2982 2420
2982 2421
2984 2423
2984 2424
2985 2425
2985 2426
2987 2428
2987 2429
2989 2431
2989 2432
2991 2434
2991 2435
2992 2436
2992 2437
2993 2438
2993 2440
2994 2441
2994 2442
2995 2443
2995 2444
2996 2445
2996 2446
2997 2447
2997 2448
2998 2449
2998 2450
3000 2452
3000 2453
3001 2454
3001 2455
3004 2458
3004 2459
3006 2461
3006 2462
3008 2464
3008 2465
3010 2467
3010 2468
3012 2470
3012 2471
3014 2473
3014 2474
3016 2476
3016 2477
3018 2479
3018 2481
3019 2482
3019 2483
3020 2484
3020 2486
3021 2487
3021 2489
3022 2490
3022 2492
3023 2493
3023 2494
3024 2495
3024 2496
3025 2497
3025 2498
3027 2500
3027 2501
3029 2503
3029 2504
3032 2507
3032 2508
3035 2511
3035 2512
3037 2514
3037 2515
3041 2519
3042 2519
3046 2523
3046 2524
3048 2526
3048 2527
3050 2529
3050 2530
3051 2531
3051 2532
3052 2533
3052 2534
3068 2550
3068 2551
3071 2554
3071 2555
3073 2557
3073 2558
3076 2561
3076 2562
3078 2564
3078 2565
3079 2566
3079 2568
3080 2569
3080 2571
3081 2572
3081 2573
3082 2574
3082 2575
3084 2577
3084 2578
3086 2580
3087 2580
3094 2587
3095 2587
3098 2590
3099 2590
3105 2596
3106 2596
3107 2597
3108 2597
3109 2598
3111 2598
3112 2599
3116 2599
3117 2600
3121 2600
3122 2601
3125 2601
3126 2600
3129 2600
3131 2598
3132 2598
3133 2597
3133 2596
3134 2595
3134 2593
3135 2592
3135 2590
3136 2589
3136 2588
3137 2587
3137 2584
3138 2583
3138 2581
3139 2580
3139 2578
3140 2577
3140 2573
3141 2572
3141 2568
3142 2567
3142 2566
3144 2564
3144 2563
3146 2561
3146 2560
3148 2558
3148 2556
3149 2555
3149 2552
3150 2551
3150 2547
3151 2546
3151 2544
3152 2543
3152 2541
3153 2540
3153 2539
3154 2538
3154 2536
3155 2535
3155 2529
3156 2528
3156 2523
3157 2522
3157 2519
3158 2518
3158 2516
3159 2515
3159 2508
3160 2507
3160 2503
3161 2502
3161 2500
3162 2499
3162 2496
3163 2495
3163 2491
3164 2490
3164 2485
3165 2484
3165 2481
3166 2480
3166 2478
3167 2477
3167 2475
3168 2474
3168 2471
3169 2470
3169 2468
3170 2467
3170 2464
3171 2463
3171 2459
3172 2458
3172 2453
3173 2452
3173 2445
3174 2444
3174 2439
3175 2438
3175 2435
3176 2434
3176 2430
3177 2429
3177 2413
3178 2412
3178 2397
3179 2396
3179 2374
3180 2373
3180 2359
3179 2358
3179 2354
3180 2353
3180 2327
3181 2326
3181 2320
3180 2319
3180 2313
3181 2312
3181 2294
3180 2293
3181 2292
3181 2268
3182 2267
3182 2237
3181 2236
3181 2233
3180 2232
3180 2227
3181 2226
3181 2204
3182 2203
3182 2190
3183 2189
3183 2187
3184 2186
3184 2185
3185 2184
3185 2183
3186 2182
3186 2181
3187 2180
3187 2178
3188 2177
3188 2176
3189 2175
3189 2174
3190 2173
3190 2172
3192 2170
3192 2169
3194 2167
3194 2166
3195 2165
3195 2164
3196 2163
3196 2162
3204 2154
3205 2154
3207 2152
3208 2152
3223 2137
3224 2137
3228 2133
3229 2133
3231 2131
3232 2131
3234 2129
3235 2129
3237 2127
3237 2126
3239 2124
3239 2123
3240 2122
3240 2121
3242 2119
3242 2118
3244 2116
3244 2115
3246 2113
3246 2112
3247 2111
3247 2110
3250 2107
3250 2106
3254 2102
3255 2102
3258 2099
3259 2099
3260 2098
3261 2098
3263 2096
3264 2096
3265 2095
3266 2095
3267 2094
3267 2093
3268 2092
3268 2091
3269 2090
3269 2089
3270 2088
3270 2087
3271 2086
3271 2085
3273 2083
3273 2082
3274 2081
3274 2080
3277 2077
3277 2076
3279 2074
3279 2073
3280 2072
3280 2071
3282 2069
3282 2068
3284 2066
3284 2065
3286 2063
3286 2062
3291 2057
3291 2056
3294 2053
3294 2052
3295 2051
3295 2049
3296 2048
3296 2046
3297 2045
3297 2044
3298 2043
3298 2041
3299 2040
3299 2039
3300 2038
3300 2037
3301 2036
3301 2035
3303 2033
3303 2032
3304 2031
3304 2029
3305 2028
3305 2027
3306 2026
3306 2025
3308 2023
3308 2022
3316 2014
3317 2014
3319 2012
3320 2012
3322 2010
3322 2009
3323 2008
3323 2007
3324 2006
3324 2004
3325 2003
3325 2002
3326 2001
3326 2000
3327 1999
3327 1998
3329 1996
3329 1995
3332 1992
3332 1991
3335 1988
3335 1987
3337 1985
3337 1984
3341 1980
3341 1979
3343 1977
3343 1976
3349 1970
3349 1969
3350 1968
3350 1953
3349 1952
3349 1950
3348 1949
3348 1947
3346 1945
3345 1945
3343 1943
3342 1943
3340 1941
3339 1941
3337 1939
3336 1939
3335 1938
3334 1938
3333 1937
3332 1937
3331 1936
3329 1936
3328 1935
3326 1935
3325 1934
3322 1934
3321 1933
3318 1933
3317 1932
3313 1932
3312 1931
3308 1931
3307 1930
3302 1930
3301 1929
3295 1929
3294 1928
3286 1928
3285 1927
3274 1927
3273 1926
3253 1926
3252 1925
3251 1926
3245 1926
3244 1927
3238 1927
3237 1928
3226 1928
3225 1927
3224 1928
3190 1928
3189 1929
3166 1929
3165 1930
3147 1930
3146 1931
3132 1931
3131 1932
3102 1932
3101 1933
3059 1933
3058 1932
3036 1932
3035 1931
3027 1931
3026 1930
3022 1930
3021 1929
3018 1929
3017 1928
3015 1928
3014 1927
3012 1927
3011 1926
3008 1926
3007 1925
3004 1925
3003 1924
3001 1924
3000 1923
2998 1923
2997 1922
2995 1922
2994 1921
2993 1921
2991 1919
2990 1919
2988 1917
2987 1917
2986 1916
2985 1916
2984 1915
2983 1915
2982 1914
2980 1914
2979 1913
2977 1913
2976 1912
2974 1912
2973 1911
2971 1911
2970 1910
2968 1910
2967 1909
2965 1909
2964 1908
2963 1908
2962 1907
2961 1907
2960 1906
2959 1906
2958 1905
2957 1905
2956 1904
2955 1904
2954 1903
2953 1903
2952 1902
2950 1902
2949 1901
2948 1901
2947 1900
2945 1900
2944 1899
2943 1899
2941 1897
2940 1897
2939 1896
2938 1896
2937 1895
2936 1895
2935 1894
2934 1894
2933 1893
2932 1893
2931 1892
2930 1892
2929 1891
2927 1891
2926 1890
2925 1890
2924 1889
2923 1889
2922 1888
2920 1888
2919 1887
2918 1887
2910 1879
2910 1878
2901 1869
2900 1869
2897 1866
2896 1866
2893 1863
2892 1863
2880 1851
2879 1851
2876 1848
2875 1848
2874 1847
2873 1847
2872 1846
2871 1846
2870 1845
2869 1845
2868 1844
2867 1844
2866 1843
2865 1843
2860 1838
2859 1838
2857 1836
2857 1835
2850 1828
2849 1828
2847 1826
2846 1826
2844 1824
2843 1824
2842 1823
2841 1823
2839 1821
2838 1821
2834 1817
2833 1817
2828 1812
2828 1811
2826 1809
2825 1809
2821 1805
2820 1805
2818 1803
2817 1803
2815 1801
2814 1801
2812 1799
2811 1799
2808 1796
2807 1796
2799 1788
2798 1788
2786 1776
2785 1776
2781 1772
2780 1772
2775 1767
2774 1767
2771 1764
2770 1764
2769 1763
2768 1763
2767 1762
2766 1762
2765 1761
2764 1761
2763 1760
2760 1760
2759 1759
2756 1759
2755 1758
2752 1758
2751 1757
2749 1757
2747 1755
2747 1754
2745 1752
2745 1750
2744 1749
2744 1748
2743 1747
2743 1744
2742 1743
2742 1739
2741 1738
2741 1736
2740 1735
2740 1732
2739 1731
2739 1728
2738 1727
2738 1726
2739 1725
2739 1724
2740 1723
2740 1721
2741 1720
2741 1719
2742 1718
2742 1702
2743 1701
2743 1699
2744 1698
2744 1691
2743 1690
2743 1686
2742 1685
2742 1684
2739 1681
2739 1680
2736 1677
2736 1676
2735 1675
2735 1674
2733 1672
2733 1670
2732 1669
2732 1667
2730 1665
2729 1665
2728 1664
2727 1664
2725 1662
2724 1662
2723 1661
2722 1661
2721 1660
2720 1660
2719 1659
2718 1659
2713 1654
2713 1653
2711 1651
2711 1650
2707 1646
2707 1645
2705 1643
2704 1643
2703 1642
2697 1642
2696 1641
2693 1641
2692 1640
2689 1640
2688 1639
2686 1639
2679 1632
2678 1632
2677 1631
2676 1631
2675 1630
2673 1630
2672 1629
2669 1629
2668 1628
2664 1628
2663 1627
2655 1627
2654 1626
2648 1626
2647 1625
2644 1625
2643 1624
2641 1624
2640 1623
2639 1623
2638 1622
2636 1622
2635 1621
2629 1621
2628 1620
2623 1620
2622 1619
2618 1619
2617 1618
2614 1618
2613 1617
2610 1617
2609 1616
2606 1616
2605 1615
2603 1615
2601 1613
2600 1613
2598 1611
2597 1611
2596 1610
2595 1610
2594 1609
2593 1609
2592 1608
2591 1608
2590 1607
2589 1607
2588 1606
2587 1606
2586 1605
2585 1605
2584 1604
2583 1604
2581 1602
2580 1602
2578 1600
2577 1600
2576 1599
2575 1599
2573 1597
2572 1597
2565 1590
2564 1590
2560 1586
2559 1586
2546 1573
2545 1573
2543 1571
2543 1570
2541 1568
2540 1568
2537 1565
2536 1565
2532 1561
2531 1561
2528 1558
2527 1558
2525 1556
2524 1556
2522 1554
2521 1554
2517 1550
2516 1550
2507 1541
2506 1541
2501 1536
2500 1536
2498 1534
2497 1534
2496 1533
2495 1533
2491 1529
2490 1529
2483 1522
2482 1522
2480 1520
2479 1520
2477 1518
2476 1518
2475 1517
2474 1517
2472 1515
2471 1515
2470 1514
2469 1514
2468 1513
2467 1513
2466 1512
2465 1512
2462 1509
2461 1509
2455 1503
2454 1503
2450 1499
2449 1499
2446 1496
2445 1496
2442 1493
2441 1493
2440 1492
2439 1492
2436 1489
2435 1489
2429 1483
2428 1483
2426 1481
2425 1481
2423 1479
2422 1479
2421 1478
2420 1478
2418 1476
2417 1476
2415 1474
2414 1474
2413 1473
2412 1473
2410 1471
2409 1471
2406 1468
2405 1468
2402 1465
2401 1465
2398 1462
2397 1462
2394 1459
2393 1459
2391 1457
2390 1457
2387 1454
2386 1454
2385 1453
2384 1453
2382 1451
2381 1451
2379 1449
2378 1449
2372 1443
2371 1443
2368 1440
2367 1440
2366 1439
2365 1439
2363 1437
2362 1437
2361 1436
2360 1436
2358 1434
2357 1434
2356 1433
2355 1433
2352 1430
2351 1430
2348 1427
2347 1427
2344 1424
2343 1424
2339 1420
2338 1420
2336 1418
2335 1418
2333 1416
2332 1416
2331 1415
2330 1415
2328 1413
2327 1413
2326 1412
2325 1412
2322 1409
2321 1409
2319 1407
2318 1407
2316 1405
2315 1405
2313 1403
2312 1403
2310 1401
2309 1401
2307 1399
2306 1399
2305 1398
2304 1398
2302 1396
2301 1396
2300 1395
2299 1395
2298 1394
2297 1394
2295 1392
2294 1392
2291 1389
2290 1389
2287 1386
2286 1386
2284 1384
2283 1384
2282 1383
2281 1383
2280 1382
2279 1382
2278 1381
2277 1381
2276 1380
2275 1380
2274 1379
2273 1379
2272 1378
2271 1378
2269 1376
2268 1376
2267 1375
2266 1375
2263 1372
2262 1372
2260 1370
2259 1370
2257 1368
2256 1368
2255 1367
2254 1367
2253 1366
2252 1366
2251 1365
2250 1365
2249 1364
2248 1364
2246 1362
2245 1362
2242 1359
2241 1359
2239 1357
2238 1357
2236 1355
2235 1355
2233 1353
2232 1353
2230 1351
2229 1351
2227 1349
2226 1349
2222 1345
2221 1345
2219 1343
2218 1343
2215 1340
2214 1340
2203 1329
2202 1329
2200 1327
2199 1327
2197 1325
2196 1325
2185 1314
2185 1313
2183 1311
2183 1310
2181 1308
2181 1307
2179 1305
2179 1304
2178 1303
2178 1302
2176 1300
2176 1299
2174 1297
2173 1297
2172 1296
2171 1296
2170 1295
2166 1295
2165 1294
2163 1294
2162 1293
2160 1293
2159 1292
2158 1292
2157 1291
2155 1291
2154 1290
2151 1290
2150 1289
2147 1289
2146 1288
2144 1288
2143 1287
2142 1287
2140 1285
2139 1285
2138 1284
2137 1284
2136 1283
2134 1283
2133 1282
2131 1282
2130 1281
2128 1281
2127 1280
2125 1280
2124 1279
2121 1279
2120 1278
2118 1278
2117 1277
2114 1277
2113 1276
2107 1276
2106 1275
2101 1275
2100 1274
2097 1274
2096 1273
2093 1273
2092 1272
2089 1272
2088 1271
2086 1271
2085 1270
2082 1270
2081 1269
2078 1269
2077 1268
2074 1268
2073 1267
2070 1267
2069 1266
2067 1266
2066 1265
2063 1265
2062 1264
2060 1264
2059 1263
2057 1263
2056 1262
2054 1262
2053 1261
2051 1261
2050 1260
2047 1260
2046 1259
2045 1259
2044 1258
2042 1258
2041 1257
2039 1257
2038 1256
2036 1256
2035 1255
2032 1255
2031 1254
2029 1254
2028 1253
2026 1253
2025 1252
2023 1252
2021 1250
2020 1250
2018 1248
2017 1248
2014 1245
2013 1245
2011 1243
2010 1243
2009 1242
2008 1242
2006 1240
2005 1240
2004 1239
2003 1239
2002 1238
2001 1238
2000 1237
1999 1237
1998 1236
1997 1236
1996 1235
1995 1235
1994 1234
1993 1234
1988 1229
1988 1228
1985 1225
1984 1225
1977 1218
1976 1218
1973 1215
1972 1215
1969 1212
1968 1212
1958 1202
1958 1201
1953 1196
1953 1195
1940 1182
1939 1182
1931 1174
1930 1174
1928 1172
1927 1172
1925 1170
1924 1170
1923 1169
1922 1169
1921 1168
1920 1168
1919 1167
1917 1167
1916 1166
1914 1166
1913 1165
1911 1165
1909 1163
1908 1163
1905 1160
1905 1159
1902 1156
1902 1155
1900 1153
1900 1152
1898 1150
1898 1149
1896 1147
1896 1145
1894 1143
1894 1142
1893 1141
1892 1141
1891 1140
1888 1140
1887 1139
1882 1139
1881 1138
1879 1138
1877 1136
1876 1136
1875 1135
1874 1135
1873 1134
1872 1134
1871 1133
1869 1133
1868 1132
1867 1132
1866 1131
1865 1131
1864 1130
1863 1130
1862 1129
1861 1129
1860 1128
1859 1128
1858 1127
1856 1127
1854 1125
1853 1125
1850 1122
1849 1122
1847 1120
1846 1120
1845 1119
1843 1119
1842 1118
1841 1118
1840 1117
1839 1117
1837 1115
1837 1114
1834 1111
1833 1111
1832 1110
1831 1110
1830 1109
1829 1109
1828 1108
1826 1108
1825 1107
1824 1107
1820 1103
1819 1103
1817 1101
1816 1101
1815 1100
1814 1100
1812 1098
1811 1098
1810 1097
1809 1097
1807 1095
1806 1095
1805 1094
1804 1094
1803 1093
1802 1093
1801 1092
1800 1092
1799 1091
1798 1091
1797 1090
1796 1090
1795 1089
1793 1089
1792 1088
1790 1088
1789 1087
1787 1087
1786 1086
1784 1086
1783 1085
1781 1085
1780 1084
1779 1084
1778 1083
1777 1083
1776 1082
1774 1082
1773 1081
1772 1081
1771 1080
1769 1080
1768 1079
1767 1079
1766 1078
1765 1078
1764 1077
1763 1077
1762 1076
1761 1076
1760 1075
1759 1075
1758 1074
1757 1074
1756 1073
1755 1073
1754 1072
1753 1072
1752 1071
1751 1071
1750 1070
1749 1070
1748 1069
1746 1069
1745 1068
1744 1068
1743 1067
1742 1067
1740 1065
1739 1065
1738 1064
1737 1064
1735 1062
1734 1062
1733 1061
1732 1061
1731 1060
1730 1060
1729 1059
1728 1059
1726 1057
1725 1057
1724 1056
1723 1056
1722 1055
1721 1055
1720 1054
1719 1054
1718 1053
1717 1053
1716 1052
1715 1052
1714 1051
1712 1051
1711 1050
1710 1050
1709 1049
1707 1049
1706 1048
1705 1048
1704 1047
1703 1047
1702 1046
1700 1046
1699 1045
1698 1045
1697 1044
1695 1044
1694 1043
1692 1043
1691 1042
1690 1042
1689 1041
1687 1041
1686 1040
1685 1040
1684 1039
1682 1039
1681 1038
1680 1038
1679 1037
1678 1037
1677 1036
1675 1036
1674 1035
1673 1035
1672 1034
1671 1034
1670 1033
1669 1033
1668 1032
1667 1032
1666 1031
1665 1031
1664 1030
1662 1030
1661 1029
1660 1029
1659 1028
1657 1028
1656 1027
1654 1027
1653 1026
1651 1026
1650 1025
1649 1025
1648 1024
1647 1024
1645 1022
1644 1022
1643 1021
1642 1021
1641 1020
1639 1020
1638 1019
1637 1019
1636 1018
1634 1018
1633 1017
1631 1017
1630 1016
1628 1016
1627 1015
1625 1015
1624 1014
1622 1014
1621 1013
1619 1013
1618 1012
1617 1012
1616 1011
1614 1011
1613 1010
1612 1010
1611 1009
1609 1009
1608 1008
1606 1008
1605 1007
1603 1007
1602 1006
1600 1006
1599 1005
1597 1005
1596 1004
1594 1004
1593 1003
1592 1003
1591 1002
1589 1002
1588 1001
1587 1001
1586 1000
1585 1000
1584 999
1582 999
1581 998
1580 998
1579 997
1577 997
1576 996
1575 996
1574 995
1572 995
1571 994
1570 994
1569 993
1568 993
1567 992
1565 992
1564 991
1563 991
1562 990
1561 990
1560 989
1558 989
1557 988
1556 988
1555 987
1554 987
1553 986
1551 986
1550 985
1548 985
1547 984
1545 984
1544 983
1542 983
1541 982
1540 982
1539 981
1538 981
1536 979
1535 979
1534 978
1533 978
1532 977
1531 977
1530 976
1529 976
1528 975
1526 975
1525 974
1524 974
1523 973
1521 973
1520 972
1519 972
1518 971
1516 971
1515 970
1513 970
1512 969
1511 969
1510 968
1508 968
1507 967
1506 967
1505 966
1504 966
1503 965
1502 965
1501 964
1500 964
1499 963
1497 963
1496 962
1495 962
1494 961
1492 961
1491 960
1489 960
1488 959
1486 959
1485 958
1483 958
1482 957
1481 957
1480 956
1479 956
1478 955
1476 955
1475 954
1474 954
1473 953
1472 953
1471 952
1470 952
1469 951
1468 951
1467 950
1466 950
1465 949
1464 949
1463 948
1461 948
1460 947
1459 947
1458 946
1457 946
1456 945
1455 945
1454 944
1453 944
1452 943
1451 943
1450 942
1449 942
1448 941
1446 941
1445 940
1444 940
1443 939
1441 939
1440 938
1438 938
1437 937
1436 937
1435 936
1433 936
1432 935
1431 935
1430 934
1428 934
1427 933
1426 933
1425 932
1424 932
1423 931
1422 931
1421 930
1419 930
1418 929
1416 929
1415 928
1413 928
1412 927
1410 927
1409 926
1407 926
1406 925
1403 925
1402 924
1400 924
1399 923
1397 923
1396 922
1394 922
1393 921
1392 921
1391 920
1389 920
1388 919
1385 919
1384 918
1382 918
1381 917
1378 917
1377 916
1374 916
1373 915
1371 915
1370 914
1368 914
1367 913
1365 913
1364 912
1362 912
1361 911
1359 911
1358 910
1356 910
1355 909
1352 909
1351 908
1334 908
1333 907
1331 907
1330 906
1328 906
1327 905
1324 905
1323 904
1320 904
1319 903
1309 903
1308 902
1303 902
1302 901
1298 901
1297 900
1292 900
1291 899
1287 899
1286 898
1282 898
1281 897
1279 897
1278 896
1275 896
1274 895
1271 895
1270 894
1266 894
1265 893
1261 893
1260 892
1255 892
1254 891
1250 891
1249 890
1246 890
1245 889
1241 889
1240 888
1236 888
1235 887
1229 887
1228 886
1223 886
1222 885
1219 885
1218 884
1215 884
1214 883
1211 883
1210 882
1205 882
1204 881
1198 881
1197 880
1190 880
1189 879
1181 879
1180 878
1174 878
1173 877
1169 877
1168 876
1165 876
1164 875
1158 875
1157 874
1151 874
1150 873
1142 873
1141 872
1136 872
1135 871
1131 871
1130 870
1126 870
1125 869
1121 869
1120 868
1116 868
1115 867
1111 867
1110 866
1108 866
1107 865
1105 865
1104 864
1101 864
1100 863
1096 863
1095 862
1081 862
1080 861
1075 861
1074 860
1069 860
1068 859
1063 859
1062 858
1056 858
1055 857
1047 857
1046 856
1037 856
1036 855
1027 855
1026 854
1019 854
1018 853
991 853
990 852
981 852
980 851
969 851
968 850
960 850
959 849
956 849
955 850
947 850
946 851
940 851
939 850
929 850
928 849